225656213
603731213
353508422
66859709
2437463712
709757125266780160
2159030744
709709474592849920
194663746
704034012990414848
739770688165302272
3230746556
2885560214
1395236144
2848730244
2338686732
3023758709
702504718090768384
740361860508188674
505756611
1323688490
4498035693
2603467352
731879114475474946
1483191343
3296674377
2171115502
1429241521
738951377326624768
4904452377
1383097694
1869438684
121319359
1877619854
3092526403
2873845616
84510040
3438817732
1214427925
252881843
1255829642
3140703200
3571051397
1670442512
71105949
3139945298
4081863624
2711433041
157099828
730620744158191618
722741542922887168
2872614732
4682195503
714431860181340160
1534647284
2873269755
3879876388
325172474
116327167
592619845
2288701285
3224462432
1360388352
1218792764
4889009560
32328933
2212907618
97152995
543485012
2184395396
4154041574
1570256846
362481565
711292966795677696
2151680779
3975012136
3012975671
632963726
2883184957
4167136277
2397263366
14532417
2167661186
1161517202
441518422
1906116457
2758744732
2906527117
130690091
4141829687
1171708098
728315574040862720
2272779276
156283359
28014480
2351569237
1251366895
911299028
713364014907146240
621712268
707033979124195328
3301889191
3063278101
4891955420
2565932838
725884784308690944
711085040294170624
708135127998574592
2565502377
544604995
2679549707
741277911659905025
2954907293
2466313084
2956611373
3589192332
3275300406
76352055
1519966465
285522046
532136777
4786177654
1037210527
711110900376150016
871543034
2607559176
183568519
707244083945873418
723846937254883328
2988747720
165382416
725702796926836736
2511625172
4156244356
625243217
885889344
4837450111
2339911521
570734048
128075558
2398473474
3146438567
492148548
1216953912
213314705
3256656008
3545905273
742014359837147136
1974823693
2772356408
2954664485
712403002896691200
1089626252
2286792399
3741296117
705039187100045312
34182821
31219007
2594877876
741079416550346753
585753578
460268584
720582882738110464
55981918
2450049367
4428985153
243230326
1067100794
4472367800
1941111888
2246387916
293606134
712644018
2806105727
4611114254
2688297897
2919483006
4312015932
707202601339768832
3292433737
134006329
714507497
3287702233
3106527942
530990399
1728285402
721159465391665152
745550557
3300730393
234796240
1890562526
734017613278248960
67471616
4732651610
347576523
2866120268
3153135984
336985102
467817388
1738656876
59453363
856549754
1271108545
2366203478
733441232983216129
424762917
18696458
738627337500008448
2841064197
355062963
293804813
906839654
2994492023
16557803
731406725199319040
1413167197
1433128028
48324734
705716118531477506
736826459197575169
743423651458985985
518826459
4137125506
738942480910045184
532058709
53757204
2653670371
2459742751
727898793975398400
715312312
715105738536968192
4847862856
1875181248
1039382838
2632590801
741085270779432964
3224208802
851232686
506980160
4836119321
863269458
495803017
743368729778597888
3435509386
2898749520
178951770
1426527060
1392118752
3179852078
2776429124
542891889
1452397578
3291042200
1616490294
2176351516
349867310
2492481774
1674183000
1927152860
2217939218
2603975293
3418006738
158992857
497270911
161993118
2385801674
3259216536
2721088211
742043496933142528
288417178
315218740
3906973037
723164630
4411368553
2889895587
465808409
1636682696
3222721952
737938140824899584
3299888830
3042487738
3993323199
718858494510694400
1478096708
1680613376
2209599523
223036395
3005090336
4846627649
427345794
128806570
707488670341672960
283346386
223212615
458985987
3974765709
2668921639
4267373893
4351267588
2992710278
325627965
728851303456223232
2173235660
725952495399260160
2270731262
932511074
3483594440
557583387
111796017
3669242850
743587487826710529
1180265371
3038675954
528805703
741804897092435968
2437105837
47823016
2738427398
324636866
3805832354
586740524
3203295226
2856233830
2813613086
144189883
2651560615
4655803758
3219728442
135402757
3478657873
1706464070
703119885254037504
2538090492
734827936717672448
740062244923449344
4313896281
4212725164
3066442591
2564741648
3010719655
4793340434
2840887266
2696649326
502029537
433142645
52556262
768527995
2611443651
843042193
561441545
741802636735746048
627212847
1428122563
2909209049
734138026998308868
1378626013
2617476187
2813486232
2784533354
4771226436
4425727274
115818451
560759862
3940078333
2885032707
416982111
988277214
2981352455
706148599604731905
1044108314
619215615
4509100280
514686064
4506802274
477832049
705383984218243072
883198813
1894025826
2382951056
4245109459
700614564300238848
1669260458
358720042
4842653119
3294833705
2952361943
283714455
741818895896436737
986983381
1023114824
3089600070
145816116
3048205653
1646258312
507593498
4557012568
2238838356
203790409
324994726
4087239974
700869247493402625
174891803
1603482361
709369616045199360
736364508806008832
328163079
1920561090
2852842262
267191710
111844664
400437727
53747687
3030807000
1889523984
2816068944
225047241
4755987615
2930202121
149028974
3889959734
582455460
3038771777
2423850734
2866928406
743188275116990464
2356443438
4337835923
542574663
2830273087
2390583690
391797672
932312017
740751734331449344
74949689
2798246209
167149639
1907607979
3329348819
111359283
3377148131
2433412662
1733746135
551039063
3500317993
706335744181141505
742058220840194048
213217984
3278349168
3536851526
2351451486
730398383802748933
125102043
743637116391874561
2404607729
100444889
534641471
124164451
232734378
1403013024
985120057
2666233940
778970688
236300213
4394149392
3075031909
1713522170
1114933915
634040406
2238731718
2193428222
20224296
1014528462
2205594426
2886835196
2340186469
1530253076
2489335608
1720102387
2719398025
3310803387
2539525823
427966885
715401078078984192
164746008
366088429
3033829752
157497513
2860721544
724959107585695744
237441270
476622261
273300162
1678323727
85538493
1926663492
396148446
303452623
113474316
24737098
2296712460
269756818
3021151039
743440393195270144
739775720004542464
502958335
129939948
730017586411282432
743595535618162689
4864308966
823084189
434186514
3009094668
740110782399053824
708780551247888385
249223622
2934587189
2212431224
179084047
2536268148
2377307983
717125059488428032
740894394413252608
499778067
701734677766254592
119455396
1734828170
235484222
301679539
2728572979
1911468056
3256330657
298156030
455713073
171231427
370046467
198743397
1243357344
701648542931111936
277356588
1719781105
2383924652
2599234213
110488999
122944867
1576599295
2887701781
525239250
3196972201
4853657387
39605954
739004892979683329
3003647607
2949356124
4864921884
724578487567192066
724462191550697472
370131404
741892720285745152
736569078861549568
4374819497
564925005
250951034
3438999494
591724099
3112386290
607717853
4323446902
2439478273
2590943060
1869749617
343927888
578219301
3159034419
732047202676154368
2487740779
892210208
1583018227
842663005
322875378
719851344685854720
4347311421
3056654208
2718278563
1145896734
2645201318
3309088305
880027256
2848293294
1443706460
30100266
572641772
743852672197984256
2277071521
63659195
573607304
3382100379
742465429290004480
1853439511
1968920695
895582615
1666927026
2914216872
2203088857
2830420987
2924209326
4903424008
1129750544
741433875788877824
3312949669
1370574979
305318208
2192293358
1115995184
3403036359
3779354299
1292019344
2881733344
2547242744
125460799
1042662594
325339946
702895208497856512
1325185736
277766394
1209721795
3305713552
501896343
1580098206
732963597689704449
1967777712
3072303930
384106241
185606490
741025858912129024
735393003385303041
1233204536
2366420359
139210378
3378853283
42140296
3062101381
3151835408
943575774
713206079342059520
1639105728
2724511283
1696351320
925410324
516074180
4004369159
91040815
2416534148
4575866772
719696775154524161
337626709
3290527536
739650642898214912
1618637132
2957846535
2287178071
1287404874
3007736301
50547536
724094465279815680
910112551
1971236978
70795382
377179911
3000292891
64438033
497612727
1619572819
187600017
736158828857819136
736022093243027456
4251719243
2198458112
988977908
248941483
1488644623
711756646129803264
2942226078
4827421485
282242515
747914312
3346619811
734042358384185344
24211779
4692255931
1183347204
2489959080
3007639669
2375478463
